#JOSM PicLayer plugin calibration data
#Mon Oct 02 15:56:24 AEST 2017
POSITION_Y=-3184222.0840066765
POSITION_X=1.703116268696139E7
M12=-2.8564895266911385
M11=0.07653583487874872
M10=0.49040529939909083
M02=-132.50431747702223
INITIAL_SCALE=52.97642162145024
M01=-0.5259379067380751
M00=0.09153687531876728
